year,TotDpacts,TotAllies
1816,1,1
1817,0,0
1818,0,0
1819,0,0
1820,0,0
1821,0,0
1822,0,0
1823,0,0
1824,0,0
1825,0,0
1826,0,0
1827,0,1
1828,0,0
1829,0,0
1830,0,0
1831,1,1
1832,2,2
1833,6,7
1834,1,1
1835,0,0
1836,0,0
1837,0,0
1838,0,0
1839,0,0
1840,1,1
1841,0,0
1842,0,0
1843,0,0
1844,0,1
1845,0,0
1846,0,0
1847,2,2
1848,1,1
1849,1,1
1850,1,1
1851,1,1
1852,0,0
1853,0,0
1854,5,6
1855,1,1
1856,1,2
1857,0,0
1858,0,0
1859,2,3
1860,1,1
1861,0,1
1862,0,1
1863,2,2
1864,2,3
1865,2,2
1866,5,6
1867,1,1
1868,0,0
1869,0,0
1870,2,2
1871,0,0
1872,0,0
1873,2,3
1874,0,0
1875,0,0
1876,0,0
1877,0,1
1878,1,1
1879,1,1
1880,0,0
1881,0,2
1882,1,1
1883,1,1
1884,0,0
1885,0,0
1886,0,0
1887,0,4
1888,0,0
1889,0,0
1890,0,0
1891,0,1
1892,0,0
1893,1,1
1894,1,1
1895,0,0
1896,1,1
1897,0,0
1898,0,0
1899,0,0
1900,0,0
1901,0,0
1902,1,2
1903,0,0
1904,1,3
1905,1,1
1906,0,0
1907,0,2
1908,0,1
1909,0,1
1910,0,1
1911,0,1
1912,2,3
1913,1,1
1914,5,5
1915,2,2
1916,2,2
1917,0,0
1918,0,0
1919,0,0
1920,2,2
1921,6,9
1922,0,0
1923,1,2
1924,0,3
1925,3,4
1926,0,9
1927,1,3
1928,0,5
1929,0,3
1930,1,3
1931,0,0
1932,0,5
1933,0,3
1934,1,5
1935,2,3
1936,2,5
1937,1,4
1938,0,3
1939,7,13
1940,1,4
1941,2,5
1942,1,1
1943,0,0
1944,2,2
1945,4,5
1946,4,4
1947,6,7
1948,12,12
1949,3,3
1950,2,2
1951,3,3
1952,0,0
1953,2,3
1954,1,4
1955,4,6
1956,1,3
1957,2,2
1958,1,1
1959,2,4
1960,3,6
1961,4,4
1962,1,3
1963,2,2
1964,1,1
1965,0,0
1966,2,2
1967,5,5
1968,1,2
1969,0,1
1970,0,4
1971,0,3
1972,2,5
1973,0,0
1974,1,1
1975,1,1
1976,1,2
1977,0,2
1978,0,2
1979,0,10
1980,2,5
1981,4,7
1982,0,2
1983,0,3
1984,1,4
1985,0,0
1986,0,1
1987,0,0
1988,0,1
1989,1,2
1990,0,3
1991,0,6
1992,9,23
1993,1,7
1994,1,7
1995,0,6
1996,1,4
1997,1,2
1998,1,2
1999,1,1
2000,2,4
2001,0,0
2002,0,2
2003,0,0
2004,0,1
2005,1,2
2006,1,2
2007,1,1
2008,0,1
2009,1,1
2010,1,1
2011,0,0
2012,0,1